9.3344999
9.2445665
9.2770643
9.4672295
9.6422085
10.0357495
10.2463084
10.4471383
12.3331471
10.0943449
9.8643433
10.1293819
10.2361607
10.2483892
10.3251258
10.0721179
10.1542813
10.1508026
10.6316789
10.2600578
12.3605399
9.9478844
10.106155
17.1230189
9.9076984
9.6371141
10.0460233
9.7905503
9.8588524
10.0681164
10.6868745
11.618831
10.5931936
10.0269711
10.0443209
10.1582524
9.9839076
9.8566725
9.838625
10.1309786
10.0316714
10.1293969
10.0609393
11.6619939
9.9442586
9.763767
10.0177724
9.7822125
10.0183949
9.8784225
10.2590003
10.5637043
10.2713069
10.6106157
10.8138452
11.7544037
10.5515032
9.9572028
10.1086179
10.1111349
10.0654958
10.1614593
10.7826015
10.2934685
10.6739231
11.1291924
12.6163101
11.2262175
10.6178242
10.5407776
10.820637
10.6211183
10.5276635
10.5427534
9.9749424
10.0737387
10.2694815
11.6076746
10.7771441
10.5521695
10.3278517
10.417192
10.1079957
10.3396264
10.3413251
10.5456598
10.3913658
10.2925284
10.2798868
11.3267976
10.9923041
10.5218214
10.0901682
10.3138972
10.9995683
10.4993351
11.1130103
11.0249334
10.8137857
10.9668702