10.2135592
10.1415699
10.5395704
10.3488324
10.4824741
11.1430143
12.7649898
10.998018
11.0188248
12.4209022
11.3761978
10.4147787
10.4709595
10.5288386
10.3737615
10.5817155
10.5205777
11.777536
11.0548975
10.6256327
11.3631495
13.6817069
10.4564718
10.9258367
10.5164818
10.9755479
10.9851884
11.7514793
12.7135812
10.7341973
11.0472766
10.4495203
10.5006911
11.7479766
11.3935314
10.6697616
10.7157355
11.1166906
10.584029
12.0098048
10.393998
10.5207802
10.8520905
10.5220056
10.6038591
10.918007
10.6109648
10.6920213
11.0041157
10.9915067
13.0751533
11.9054535
11.2465815
10.6106982
10.8543841
10.848443
11.2732346
14.5052339
10.875221
10.3298901
11.370003
11.7354046
10.5459551
10.5753278
10.4557137
10.809145
10.5853486
10.7147061
10.6875946
10.8739121
10.9863461
11.0681466
10.7971085
10.5439623
10.920163
10.707749
10.6724675
10.7342787
10.7583096
10.9140184
11.0234063
10.8382927
10.6686327
10.8471834
10.6620536
10.9033853
10.7936056
10.7113614
10.7280138
10.7410808
11.0151905
10.7382591
10.6846399
10.6642092
10.721303
10.5378962
10.7925136
10.5010282
10.6741923
10.6459954